Alabama ..............:        7          52              364             55         281           1,023    
Arizona ..............:       29          36            1,044            251         189           1,973    
Arkansas .............:       22          60            1,320             66         201           2,653    
California ...........:      330          33           10,890          2,505         210          22,869    
Colorado .............:       26          43            1,118            324         210           2,348    
Florida ..............:      220          61           13,420          1,074         204          27,377    
Georgia ..............:       67          50            3,350            637         224           7,504    
Hawaii ...............:       13          83            1,079             65         198           2,136    
Idaho ................:       83          32            2,656          1,036         201           5,339    
Illinois .............:        7          48              336            101         415           1,394    
Indiana ..............:        6          47              282             82         267             753    
Iowa .................:       39          48            1,872          1,217         254           4,755    
Kansas ...............:        6          46              276             39         255             704    
Kentucky .............:        3          41              123             17         302             371    
Louisiana ............:       50          98            4,900            490         183           8,967    
Maine ................:        7          43              301             27         303             912    
Michigan .............:       85          55            4,675            982         213           9,958    
Minnesota ............:      130          58            7,540          1,282         197          14,854    
Mississippi ..........:       17         116            1,972             39         185           3,648    
Missouri .............:       10          47              470             85         253           1,189    
Montana ..............:      159          94           14,946          5,231         208          31,088    
Nebraska .............:       46          60            2,760          1,628         206           5,686    
New Jersey ...........:       11          44              484             34         389           1,883    
New York .............:       55          48            2,640          1,030         199           5,254    
North Carolina .......:       10          38              380             84         363           1,379    
North Dakota .........:      480          69           33,120          6,955         204          67,565    
Ohio .................:       17          45              765            390         321           2,456    
Oregon ...............:       62          35            2,170            456         229           4,969    
Pennsylvania .........:       13          45              585            257         298           1,743    
South Dakota .........:      265          56           14,840          6,381         206          30,570   
Tennessee ............:        7          45              315             63         358           1,128    
Texas ................:      106          59            6,254          1,689         212          13,258    
Utah .................:       30          34            1,020             92         207           2,111    
Vermont ..............:        3          51              153             46         331             506    
Virginia .............:        5          35              175             42         423             740    
Washington ...........:       69          39            2,691          1,023         221           5,947    
West Virginia ........:        6          46              276             83         356             983    
Wisconsin ............:       59          60            3,540          1,558         231           8,177    
Wyoming ..............:       47          66            3,102            558         211           6,545 
