Alabama ..............:        7          53              371             26         340           1,261    
Arizona ..............:       26          39            1,014            193         202           2,048    
Arkansas .............:       21          65            1,365            137         200           2,730    
California ...........:      320          39           12,480          2,995         203          25,334    
Colorado .............:       27          37              999            200         200           1,998    
Florida ..............:      245          60           14,700          1,029         208          30,576    
Georgia ..............:       73          62            4,526            362         219           9,912    
Hawaii ...............:       15          93            1,395            140         228           3,181    
Idaho ................:      100          34            3,400            850         203           6,902    
Illinois .............:        8          49              392             94         441           1,729    
Indiana ..............:        5          62              310            115         324           1,004    
Iowa .................:       35          43            1,505            933         251           3,778    
Kansas ...............:        7          75              525             84         233           1,223    
Kentucky .............:        5          47              235             56         393             924    
Louisiana ............:       48          84            4,032            524         226           9,112    
Maine ................:        8          47              376             41         536           2,015    
Michigan .............:       91          63            5,733          1,835         250          14,333    
Minnesota ............:      132          60            7,920          1,426         206          16,315    
Mississippi ..........:       20         112            2,240             45         201           4,502    
Missouri .............:       12          47              564             96         357           2,013    
Montana ..............:      162          88           14,256          5,132         205          29,225    
Nebraska .............:       50          75            3,750          1,688         210           7,875    
New Jersey ...........:       12          30              360            119         298           1,073    
New York .............:       60          55            3,300          1,518         272           8,976    
North Carolina .......:       12          43              516             88         347           1,791    
North Dakota .........:      490          86           42,140          9,271         200          84,280    
Ohio .................:       15          61              915            256         352           3,221    
Oregon ...............:       71          40            2,840            767         219           6,220    
Pennsylvania .........:       17          46              782            203         275           2,151    
South Carolina .......:        9          54              486             19         383           1,861   
South Dakota .........:      280          87           24,360          5,846         209          50,912    
Tennessee ............:        7          63              441             88         323           1,424    
Texas ................:      116          78            9,048          2,081         223          20,177    
Utah .................:       29          28              812            130         213           1,730    
Vermont ..............:        3          58              174             61         503             875    
Virginia .............:        6          41              246             57         507           1,247    
Washington ...........:       68          44            2,992          1,167         248           7,420    
West Virginia ........:        6          31              186             33         404             751    
Wisconsin ............:       53          54            2,862          1,030         232           6,640    
Wyoming ..............:       38          61            2,318            255         206           4,775 
