Alabama ..............:        7          47              329             13         383           1,260    
Arizona ..............:       26          49            1,274            306         217           2,765    
Arkansas .............:       24          72            1,728            121         202           3,491    
California ...........:      275          30            8,250          1,485         204          16,830    
Colorado .............:       29          51            1,479            399         218           3,224    
Florida ..............:      220          54           11,880            832         197          23,404    
Georgia ..............:       69          40            2,760            221         242           6,679    
Hawaii ...............:       14         102            1,428             71         195           2,785    
Idaho ................:       89          32            2,848          1,082         192           5,468    
Illinois .............:        8          51              408            155         432           1,763    
Indiana ..............:        6          53              318            165         338           1,075    
Iowa .................:       36          50            1,800            990         233           4,194    
Kansas ...............:        8          36              288            107         352           1,014    
Kentucky .............:        5          46              230             55         386             888    
Louisiana ............:       44          99            4,356            348         193           8,407    
Maine ................:       10          47              470             47         551           2,590    
Michigan .............:       90          58            5,220          1,984         243          12,685    
Minnesota ............:      122          68            8,296          2,157         183          15,182    
Mississippi ..........:       15          83            1,245             87         264           3,287    
Missouri .............:       10          52              520             52         350           1,820    
Montana ..............:      146          83           12,118          3,757         194          23,509    
Nebraska .............:       57          48            2,736          1,450         202           5,527    
New Jersey ...........:       12          27              324            207         420           1,361    
New York .............:       58          62            3,596            899         294          10,572    
North Carolina .......:       12          45              540            103         452           2,441    
North Dakota .........:      490          74           36,260          9,428         180          65,268    
Ohio .................:       17          50              850            357         408           3,468    
Oregon ...............:       71          38            2,698            809         252           6,799    
Pennsylvania .........:       17          53              901            225         363           3,271    
South Carolina .......:       14          67              938             38         409           3,836   
South Dakota .........:      290          66           19,140          9,379         179          34,261    
Tennessee ............:        7          59              413             78         407           1,681    
Texas ................:      126          66            8,316          1,164         209          17,380    
Utah .................:       27          42            1,134            147         193           2,189    
Vermont ..............:        5          52              260             62         423           1,100    
Virginia .............:        6          38              228             50         567           1,293    
Washington ...........:       73          44            3,212          1,221         164           5,268    
West Virginia ........:        5          35              175             32         444             777    
Wisconsin ............:       52          67            3,484          1,603         241           8,396    
Wyoming ..............:       38          77            2,926            146         190           5,559 
