Alabama ..............:        7          52              364             33         337           1,227    
Arizona ..............:       27          46            1,242            261         199           2,472    
Arkansas .............:       24          69            1,656             99         184           3,047    
California ...........:      310          36           11,160          2,009         200          22,320    
Colorado .............:       32          40            1,280            282         217           2,778    
Florida ..............:      215          50           10,750            538         244          26,230    
Georgia ..............:       96          39            3,744            899         269          10,071    
Hawaii ...............:       16         113            1,808            127         231           4,176    
Idaho ................:       97          34            3,298          1,253         172           5,673    
Illinois .............:       10          48              480             77         539           2,587    
Indiana ..............:        7          62              434            208         336           1,458    
Iowa .................:       37          48            1,776            746         207           3,676    
Kansas ...............:        7          48              336             54         297             998    
Kentucky .............:        5          46              230             48         402             925    
Louisiana ............:       50          86            4,300            301         193           8,299    
Maine ................:       12          34              408             65         321           1,310    
Michigan .............:       89          60            5,340          1,709         225          12,015    
Minnesota ............:      124          59            7,316          1,390         164          11,998    
Mississippi ..........:       19          85            1,615            113         174           2,810    
Missouri .............:        8          62              496             30         218           1,081    
Montana ..............:      159          77           12,243          3,183         175          21,425    
Nebraska .............:       48          46            2,208            640         188           4,151    
New Jersey ...........:       12          27              324            198         669           2,168    
New York .............:       64          57            3,648          1,167         320          11,674    
North Carolina .......:       12          37              444             89         461           2,047    
North Dakota .........:      485          78           37,830          6,809         173          65,446    
Ohio .................:       15          79            1,185            664         384           4,550    
Oregon ...............:       74          35            2,590            622         206           5,335    
Pennsylvania .........:       19          50              950            266         315           2,993    
South Carolina .......:       16          45              720             36         450           3,240  
South Dakota .........:      280          71           19,880         12,127         174          34,591    
Tennessee ............:        6          55              330             69         478           1,577    
Texas ................:      133          70            9,310          2,607         196          18,248    
Utah .................:       31          32              992            169         191           1,895    
Vermont ..............:        6          52              312             69         282             880    
Virginia .............:        5          38              190             30         582           1,106    
Washington ...........:       84          35            2,940            412         188           5,527    
West Virginia ........:        5          32              160             43         373             597    
Wisconsin ............:       54          62            3,348          1,205         244           8,169    
Wyoming ..............:       40          68            2,720            190         176           4,787  
