Alabama ..............:        7          45              315             22         277             873    
Arizona ..............:       22          40              880             97         196           1,725    
Arkansas .............:       29          77            2,233            223         191           4,265    
California ...........:      335          41           13,735          2,198         209          28,706    
Colorado .............:       33          43            1,419            284         206           2,923    
Florida ..............:      205          43            8,815            529         240          21,156    
Georgia ..............:       99          32            3,168            190         296           9,377    
Hawaii ...............:       12         131            1,572             16         151           2,374    
Idaho ................:       95          44            4,180          1,045         179           7,482    
Illinois .............:       11          46              506            167         476           2,409    
Indiana ..............:        7          48              336            128         394           1,324    
Iowa .................:       35          58            2,030          1,035         222           4,507    
Kansas ...............:        7          79              553            260         418           2,312    
Kentucky .............:        5          38              190             42         408             775    
Louisiana ............:       43          81            3,483            279         188           6,548    
Maine ................:       12          33              396             51         545           2,158    
Michigan .............:       87          45            3,915            822         241           9,435    
Minnesota ............:      126          62            7,812          1,016         186          14,530    
Mississippi ..........:       13          80            1,040             83         181           1,882    
Missouri .............:        8          65              520             57         353           1,836    
Montana ..............:      145          72           10,440          2,506         230          24,012    
Nebraska .............:       42          63            2,646            423         199           5,266    
New Jersey ...........:       13          28              364            167         786           2,861    
New York .............:       57          56            3,192            766         301           9,608    
North Carolina .......:       11          41              451             99         434           1,957    
North Dakota .........:      455          74           33,670          4,377         189          63,636    
Ohio .................:       15          73            1,095            657         312           3,416    
Oregon ...............:       78          40            3,120            998         189           5,897    
Pennsylvania .........:       16          46              736            177         340           2,502    
South Carolina .......:       16          34              544             27         306           1,665   
South Dakota .........:      255          57           14,535          6,541         191          27,762    
Tennessee ............:        7          41              287             75         468           1,343    
Texas ................:      120          66            7,920          2,297         211          16,711    
Utah .................:       27          31              837             67         206           1,724    
Vermont ..............:        7          45              315            120         417           1,314    
Virginia .............:        5          35              175             39         573           1,003    
Washington ...........:       77          45            3,465          1,594         225           7,796    
West Virginia ........:        6          40              240             50         385             924    
Wisconsin ............:       53          56            2,968            683         277           8,221    
Wyoming ..............:       39          53            2,067            186         159           3,287 
