Alabama ..............:        6          45              270             14         357             964    
Arizona ..............:       24          38              912            109         282           2,572    
Arkansas .............:       28          50            1,400             84         187           2,618    
California ...........:      335          41           13,735          3,022         206          28,294    
Colorado .............:       31          48            1,488            283         202           3,006    
Florida ..............:      215          49           10,535            737         240          25,284    
Georgia ..............:       98          34            3,332            200         279           9,296    
Hawaii ...............:       17         103            1,751             18         183           3,204    
Idaho ................:       96          31            2,976            655         196           5,833    
Illinois .............:       11          41              451            108         501           2,260    
Indiana ..............:        7          46              322            106         375           1,208    
Iowa .................:       38          49            1,862          1,005         235           4,376    
Kansas ...............:        5          73              365             95         300           1,095    
Kentucky .............:        4          41              164             34         542             889    
Louisiana ............:       45          83            3,735            261         190           7,097    
Maine ................:       12          32              384             92         268           1,029    
Michigan .............:       92          44            4,048            729         237           9,594    
Minnesota ............:      119          61            7,259          1,161         188          13,647    
Mississippi ..........:       20          87            1,740             70         205           3,567    
Missouri .............:        9          45              405             36         258           1,045    
Montana ..............:      160          92           14,720          3,680         192          28,262    
Nebraska .............:       40          59            2,360            850         199           4,696    
New Jersey ...........:       13          31              403            165         735           2,962    
New York .............:       56          48            2,688            833         334           8,978    
North Carolina .......:       10          33              330             63         555           1,832    
North Dakota .........:      530          72           38,160          4,579         188          71,741    
Ohio .................:       14          73            1,022            491         361           3,689    
Oregon ...............:       93          35            3,255          1,009         222           7,226    
Pennsylvania .........:       19          44              836            309         373           3,118    
South Carolina .......:       16          48              768             15         304           2,335   
South Dakota .........:      255          47           11,985          5,154         198          23,730    
Tennessee ............:        7          46              322             84         399           1,285    
Texas ................:      132          56            7,392          1,035         206          15,228    
Utah .................:       26          41            1,066             75         209           2,228    
Vermont ..............:        7          48              336             94         366           1,230    
Virginia .............:        4          40              160             35         683           1,093    
Washington ...........:       77          43            3,311            563         211           6,986    
West Virginia ........:        6          37              222             38         416             924    
Wisconsin ............:       51          45            2,295            711         276           6,334    
Wyoming ..............:       39          56            2,184            175         189           4,128 
