Alabama ..............:        7         42               294             44         3.20            941    
Arizona ..............:       23         46             1,058            201         1.97          2,084    
Arkansas .............:       20         55             1,100            176         1.53          1,683    
California ...........:      335         48            16,080          3,216         1.56         25,085    
Colorado .............:       32         46             1,472            500         2.14          3,150    
Florida ..............:      205         45             9,225            830         2.48         22,878    
Georgia ..............:      102         33             3,366            370         2.61          8,785    
Hawaii ...............:       16         80             1,280             51         1.28          1,638    
Idaho ................:       92         32             2,944            677         1.67          4,916    
Illinois .............:       11         39               429            116         4.31          1,849    
Indiana ..............:        9         55               495            198         3.95          1,955    
Iowa .................:       38         55             2,090          1,170         2.24          4,682    
Kansas ...............:        7         79               553            171         2.95          1,631    
Kentucky .............:        6         41               246             44         4.50          1,107    
Louisiana ............:       54         72             3,888            428         2.04          7,932    
Maine ................:       15         35               525            110         2.92          1,533    
Michigan .............:       94         50             4,700          1,363         2.36         11,092    
Minnesota ............:      118         59             6,962          3,063         1.63         11,348    
Mississippi ..........:       22         80             1,760            141         1.85          3,256    
Missouri .............:       10         43               430             73         3.32          1,428    
Montana ..............:      173         86            14,878          5,802         1.48         22,019    
Nebraska .............:       39         52             2,028            223         1.46          2,961    
New Jersey ...........:       15         28               420            155         3.33          1,399    
New York .............:       59         58             3,422          1,027         4.49         15,365    
North Carolina .......:       14         42               588            118         4.06          2,387    
North Dakota .........:      520         65            33,800          6,422         1.40         47,320    
Ohio .................:       15         67             1,005            442         3.42          3,437    
Oregon ...............:       87         32             2,784          1,141         2.07          5,763    
Pennsylvania .........:       19         50               950            409         4.24          4,028    
South Carolina .......:       16         47               752             45         5.01          3,768 
South Dakota .........:      270         72            19,440          7,582         1.53         29,743    
Tennessee ............:        8         57               456             91         4.65          2,120    
Texas ................:      126         60             7,560          1,814         2.30         17,388    
Utah .................:       22         29               638             89         2.06          1,314    
Vermont ..............:        6         48               288             84         4.34          1,250    
Virginia .............:        5         39               195             49         7.51          1,464    
Washington ...........:       81         35             2,835          1,191         2.12          6,010    
West Virginia ........:        6         37               222             47         4.50            999    
Wisconsin ............:       46         47             2,162            692         2.99          6,464    
Wyoming ..............:       39         56             2,184            306         1.35          2,948   
